      Time (SECONDS) |       HillClimbing | SimulatedAnnealing |   GeneticAlgorithm | 
                   0 |                  0 |                  0 |                  0 | 
                   5 |                723 |                509 |                 43 | 
                  10 |                724 |                656 |                 85 | 
                  15 |                724 |                701 |                115 | 
                  20 |                724 |                713 |                147 | 
                  25 |                724 |                721 |                181 | 
                  30 |                724 |                723 |                214 | 
                  35 |                724 |                724 |                240 | 
                  40 |                724 |                724 |                271 | 
                  45 |                724 |                724 |                295 | 
                  50 |                724 |                724 |                321 | 
                  55 |                724 |                724 |                342 | 
                  60 |                724 |                724 |                365 | 
                  65 |                724 |                724 |                385 | 
                  70 |                724 |                724 |                405 | 
                  75 |                724 |                724 |                424 | 
                  80 |                724 |                724 |                442 | 
                  85 |                724 |                724 |                455 | 
                  90 |                724 |                724 |                472 | 
                  95 |                724 |                724 |                485 | 
                 100 |                724 |                724 |                495 | 
                 105 |                724 |                724 |                504 | 
                 110 |                724 |                724 |                516 | 
                 115 |                724 |                724 |                528 | 
                 120 |                724 |                724 |                544 | 
                 125 |                724 |                724 |                558 | 
                 130 |                724 |                724 |                569 | 
                 135 |                724 |                724 |                583 | 
                 140 |                724 |                724 |                591 | 
                 145 |                724 |                724 |                603 | 
                 150 |                724 |                724 |                608 | 
                 155 |                724 |                724 |                614 | 
                 160 |                724 |                724 |                620 | 
                 165 |                724 |                724 |                628 | 
                 170 |                724 |                724 |                632 | 
                 175 |                724 |                724 |                641 | 
                 180 |                724 |                724 |                644 | 
                 185 |                724 |                724 |                647 | 
                 190 |                724 |                724 |                652 | 
                 195 |                724 |                724 |                654 | 
                 200 |                724 |                724 |                659 | 
                 205 |                724 |                724 |                663 | 
                 210 |                724 |                724 |                669 | 
                 215 |                724 |                724 |                672 | 
                 220 |                724 |                724 |                676 | 
                 225 |                724 |                724 |                678 | 
                 230 |                724 |                724 |                680 | 
                 235 |                724 |                724 |                680 | 
                 240 |                724 |                724 |                681 | 
                 245 |                724 |                724 |                684 | 
                 250 |                724 |                724 |                686 | 
                 255 |                724 |                724 |                686 | 
                 260 |                724 |                724 |                688 | 
                 265 |                724 |                724 |                692 | 
                 270 |                724 |                724 |                693 | 
                 275 |                724 |                724 |                694 | 
                 280 |                724 |                724 |                695 | 
                 285 |                724 |                724 |                696 | 
                 290 |                724 |                724 |                697 | 
                 295 |                724 |                724 |                697 | 
                 300 |                724 |                724 |                699 | 
                 305 |                724 |                724 |                699 | 
                 310 |                724 |                724 |                700 | 
                 315 |                724 |                724 |                700 | 
                 320 |                724 |                724 |                701 | 
                 325 |                724 |                724 |                703 | 
                 330 |                724 |                724 |                704 | 
                 335 |                724 |                724 |                704 | 
                 340 |                724 |                724 |                708 | 
                 345 |                724 |                724 |                709 | 
                 350 |                724 |                724 |                709 | 
                 355 |                724 |                724 |                711 | 
                 360 |                724 |                724 |                711 | 
                 365 |                724 |                724 |                713 | 
                 370 |                724 |                724 |                713 | 
                 375 |                724 |                724 |                716 | 
                 380 |                724 |                724 |                716 | 
                 385 |                724 |                724 |                717 | 
                 390 |                724 |                724 |                719 | 
                 395 |                724 |                724 |                719 | 
                 400 |                724 |                724 |                719 | 
                 405 |                724 |                724 |                719 | 
                 410 |                724 |                724 |                720 | 
                 415 |                724 |                724 |                721 | 
                 420 |                724 |                724 |                721 | 
                 425 |                724 |                724 |                722 | 
                 430 |                724 |                724 |                722 | 
                 435 |                724 |                724 |                722 | 
                 440 |                724 |                724 |                722 | 
                 445 |                724 |                724 |                722 | 
                 450 |                724 |                724 |                722 | 
                 455 |                724 |                724 |                722 | 
                 460 |                724 |                724 |                723 | 
                 465 |                724 |                724 |                723 | 
                 470 |                724 |                724 |                723 | 
                 475 |                724 |                724 |                723 | 
                 480 |                724 |                724 |                723 | 
                 485 |                724 |                724 |                723 | 
                 490 |                724 |                724 |                723 | 
                 495 |                724 |                724 |                723 | 
                 500 |                724 |                724 |                723 | 
                 505 |                724 |                724 |                723 | 
                 510 |                724 |                724 |                723 | 
                 515 |                724 |                724 |                723 | 
                 520 |                724 |                724 |                723 | 
                 525 |                724 |                724 |                723 | 
                 530 |                724 |                724 |                723 | 
                 535 |                724 |                724 |                723 | 
                 540 |                724 |                724 |                724 | 
