      Time (SECONDS) |       HillClimbing | SimulatedAnnealing |   GeneticAlgorithm | 
                   0 |                  0 |                  0 |                  0 | 
                   2 |                352 |                211 |                  3 | 
                   4 |                352 |                265 |                  3 | 
                   6 |                352 |                302 |                  3 | 
                   8 |                352 |                324 |                  3 | 
                  10 |                352 |                341 |                  3 | 
                  12 |                352 |                345 |                  3 | 
                  14 |                352 |                350 |                  3 | 
                  16 |                352 |                350 |                  3 | 
                  18 |                352 |                350 |                  3 | 
                  20 |                352 |                350 |                  3 | 
                  22 |                352 |                351 |                 21 | 
                  24 |                352 |                352 |                 56 | 
                  26 |                352 |                352 |                 56 | 
                  28 |                352 |                352 |                 74 | 
                  30 |                352 |                352 |                 74 | 
                  32 |                352 |                352 |                 74 | 
                  34 |                352 |                352 |                 74 | 
                  36 |                352 |                352 |                 74 | 
                  38 |                352 |                352 |                 74 | 
                  40 |                352 |                352 |                 74 | 
                  42 |                352 |                352 |                 74 | 
                  44 |                352 |                352 |                 74 | 
                  46 |                352 |                352 |                 74 | 
                  48 |                352 |                352 |                 75 | 
                  50 |                352 |                352 |                148 | 
                  52 |                352 |                352 |                148 | 
                  54 |                352 |                352 |                148 | 
                  56 |                352 |                352 |                148 | 
                  58 |                352 |                352 |                148 | 
                  60 |                352 |                352 |                148 | 
                  62 |                352 |                352 |                148 | 
                  64 |                352 |                352 |                148 | 
                  66 |                352 |                352 |                148 | 
                  68 |                352 |                352 |                148 | 
                  70 |                352 |                352 |                157 | 
                  72 |                352 |                352 |                157 | 
                  74 |                352 |                352 |                157 | 
                  76 |                352 |                352 |                157 | 
                  78 |                352 |                352 |                157 | 
                  80 |                352 |                352 |                157 | 
                  82 |                352 |                352 |                157 | 
                  84 |                352 |                352 |                157 | 
                  86 |                352 |                352 |                157 | 
                  88 |                352 |                352 |                157 | 
                  90 |                352 |                352 |                157 | 
                  92 |                352 |                352 |                192 | 
                  94 |                352 |                352 |                205 | 
                  96 |                352 |                352 |                205 | 
                  98 |                352 |                352 |                205 | 
                 100 |                352 |                352 |                205 | 
                 102 |                352 |                352 |                205 | 
                 104 |                352 |                352 |                206 | 
                 106 |                352 |                352 |                206 | 
                 108 |                352 |                352 |                206 | 
                 110 |                352 |                352 |                206 | 
                 112 |                352 |                352 |                206 | 
                 114 |                352 |                352 |                208 | 
                 116 |                352 |                352 |                208 | 
                 118 |                352 |                352 |                208 | 
                 120 |                352 |                352 |                208 | 
                 122 |                352 |                352 |                208 | 
                 124 |                352 |                352 |                208 | 
                 126 |                352 |                352 |                208 | 
                 128 |                352 |                352 |                208 | 
                 130 |                352 |                352 |                208 | 
                 132 |                352 |                352 |                208 | 
                 134 |                352 |                352 |                208 | 
                 136 |                352 |                352 |                228 | 
                 138 |                352 |                352 |                228 | 
                 140 |                352 |                352 |                228 | 
                 142 |                352 |                352 |                228 | 
                 144 |                352 |                352 |                228 | 
                 146 |                352 |                352 |                228 | 
                 148 |                352 |                352 |                228 | 
                 150 |                352 |                352 |                228 | 
                 152 |                352 |                352 |                228 | 
                 154 |                352 |                352 |                228 | 
                 156 |                352 |                352 |                228 | 
                 158 |                352 |                352 |                235 | 
                 160 |                352 |                352 |                235 | 
                 162 |                352 |                352 |                235 | 
                 164 |                352 |                352 |                235 | 
                 166 |                352 |                352 |                235 | 
                 168 |                352 |                352 |                235 | 
                 170 |                352 |                352 |                235 | 
                 172 |                352 |                352 |                235 | 
                 174 |                352 |                352 |                235 | 
                 176 |                352 |                352 |                235 | 
                 178 |                352 |                352 |                239 | 
                 180 |                352 |                352 |                239 | 
                 182 |                352 |                352 |                239 | 
                 184 |                352 |                352 |                239 | 
                 186 |                352 |                352 |                239 | 
                 188 |                352 |                352 |                239 | 
                 190 |                352 |                352 |                239 | 
                 192 |                352 |                352 |                239 | 
                 194 |                352 |                352 |                239 | 
                 196 |                352 |                352 |                239 | 
                 198 |                352 |                352 |                246 | 
                 200 |                352 |                352 |                246 | 
                 202 |                352 |                352 |                246 | 
                 204 |                352 |                352 |                246 | 
                 206 |                352 |                352 |                246 | 
                 208 |                352 |                352 |                246 | 
                 210 |                352 |                352 |                246 | 
                 212 |                352 |                352 |                246 | 
                 214 |                352 |                352 |                246 | 
                 216 |                352 |                352 |                246 | 
                 218 |                352 |                352 |                246 | 
                 220 |                352 |                352 |                249 | 
                 222 |                352 |                352 |                249 | 
                 224 |                352 |                352 |                249 | 
                 226 |                352 |                352 |                249 | 
                 228 |                352 |                352 |                249 | 
                 230 |                352 |                352 |                249 | 
                 232 |                352 |                352 |                249 | 
                 234 |                352 |                352 |                249 | 
                 236 |                352 |                352 |                249 | 
                 238 |                352 |                352 |                249 | 
                 240 |                352 |                352 |                253 | 
                 242 |                352 |                352 |                253 | 
                 244 |                352 |                352 |                253 | 
                 246 |                352 |                352 |                253 | 
                 248 |                352 |                352 |                253 | 
                 250 |                352 |                352 |                253 | 
                 252 |                352 |                352 |                253 | 
                 254 |                352 |                352 |                253 | 
                 256 |                352 |                352 |                253 | 
                 258 |                352 |                352 |                253 | 
                 260 |                352 |                352 |                253 | 
                 262 |                352 |                352 |                253 | 
                 264 |                352 |                352 |                253 | 
                 266 |                352 |                352 |                253 | 
                 268 |                352 |                352 |                253 | 
                 270 |                352 |                352 |                253 | 
                 272 |                352 |                352 |                260 | 
                 274 |                352 |                352 |                260 | 
                 276 |                352 |                352 |                260 | 
                 278 |                352 |                352 |                260 | 
                 280 |                352 |                352 |                260 | 
                 282 |                352 |                352 |                260 | 
                 284 |                352 |                352 |                260 | 
                 286 |                352 |                352 |                260 | 
                 288 |                352 |                352 |                260 | 
                 290 |                352 |                352 |                260 | 
                 292 |                352 |                352 |                263 | 
                 294 |                352 |                352 |                263 | 
                 296 |                352 |                352 |                263 | 
                 298 |                352 |                352 |                263 | 
                 300 |                352 |                352 |                263 | 
                 302 |                352 |                352 |                263 | 
                 304 |                352 |                352 |                263 | 
                 306 |                352 |                352 |                263 | 
                 308 |                352 |                352 |                263 | 
                 310 |                352 |                352 |                263 | 
                 312 |                352 |                352 |                263 | 
                 314 |                352 |                352 |                273 | 
                 316 |                352 |                352 |                273 | 
                 318 |                352 |                352 |                273 | 
                 320 |                352 |                352 |                273 | 
                 322 |                352 |                352 |                283 | 
                 324 |                352 |                352 |                283 | 
                 326 |                352 |                352 |                283 | 
                 328 |                352 |                352 |                283 | 
                 330 |                352 |                352 |                283 | 
                 332 |                352 |                352 |                283 | 
                 334 |                352 |                352 |                283 | 
                 336 |                352 |                352 |                283 | 
                 338 |                352 |                352 |                283 | 
                 340 |                352 |                352 |                283 | 
                 342 |                352 |                352 |                291 | 
                 344 |                352 |                352 |                294 | 
                 346 |                352 |                352 |                294 | 
                 348 |                352 |                352 |                294 | 
                 350 |                352 |                352 |                294 | 
                 352 |                352 |                352 |                294 | 
                 354 |                352 |                352 |                294 | 
                 356 |                352 |                352 |                294 | 
                 358 |                352 |                352 |                294 | 
                 360 |                352 |                352 |                294 | 
                 362 |                352 |                352 |                294 | 
                 364 |                352 |                352 |                300 | 
                 366 |                352 |                352 |                300 | 
                 368 |                352 |                352 |                300 | 
                 370 |                352 |                352 |                300 | 
                 372 |                352 |                352 |                300 | 
                 374 |                352 |                352 |                300 | 
                 376 |                352 |                352 |                300 | 
                 378 |                352 |                352 |                300 | 
                 380 |                352 |                352 |                300 | 
                 382 |                352 |                352 |                300 | 
                 384 |                352 |                352 |                300 | 
                 386 |                352 |                352 |                303 | 
                 388 |                352 |                352 |                303 | 
                 390 |                352 |                352 |                303 | 
                 392 |                352 |                352 |                303 | 
                 394 |                352 |                352 |                304 | 
                 396 |                352 |                352 |                305 | 
                 398 |                352 |                352 |                305 | 
                 400 |                352 |                352 |                305 | 
                 402 |                352 |                352 |                305 | 
                 404 |                352 |                352 |                305 | 
                 406 |                352 |                352 |                305 | 
                 408 |                352 |                352 |                305 | 
                 410 |                352 |                352 |                305 | 
                 412 |                352 |                352 |                305 | 
                 414 |                352 |                352 |                305 | 
                 416 |                352 |                352 |                305 | 
                 418 |                352 |                352 |                307 | 
                 420 |                352 |                352 |                307 | 
                 422 |                352 |                352 |                307 | 
                 424 |                352 |                352 |                307 | 
                 426 |                352 |                352 |                307 | 
                 428 |                352 |                352 |                307 | 
                 430 |                352 |                352 |                307 | 
                 432 |                352 |                352 |                307 | 
                 434 |                352 |                352 |                307 | 
                 436 |                352 |                352 |                307 | 
                 438 |                352 |                352 |                310 | 
                 440 |                352 |                352 |                310 | 
                 442 |                352 |                352 |                310 | 
                 444 |                352 |                352 |                310 | 
                 446 |                352 |                352 |                310 | 
                 448 |                352 |                352 |                310 | 
                 450 |                352 |                352 |                310 | 
                 452 |                352 |                352 |                310 | 
                 454 |                352 |                352 |                310 | 
                 456 |                352 |                352 |                310 | 
                 458 |                352 |                352 |                310 | 
                 460 |                352 |                352 |                311 | 
                 462 |                352 |                352 |                311 | 
                 464 |                352 |                352 |                311 | 
                 466 |                352 |                352 |                311 | 
                 468 |                352 |                352 |                311 | 
                 470 |                352 |                352 |                311 | 
                 472 |                352 |                352 |                311 | 
                 474 |                352 |                352 |                311 | 
                 476 |                352 |                352 |                311 | 
                 478 |                352 |                352 |                311 | 
                 480 |                352 |                352 |                316 | 
                 482 |                352 |                352 |                316 | 
                 484 |                352 |                352 |                316 | 
                 486 |                352 |                352 |                316 | 
                 488 |                352 |                352 |                316 | 
                 490 |                352 |                352 |                316 | 
                 492 |                352 |                352 |                316 | 
                 494 |                352 |                352 |                316 | 
                 496 |                352 |                352 |                316 | 
                 498 |                352 |                352 |                316 | 
                 500 |                352 |                352 |                318 | 
                 502 |                352 |                352 |                320 | 
                 504 |                352 |                352 |                320 | 
                 506 |                352 |                352 |                320 | 
                 508 |                352 |                352 |                320 | 
                 510 |                352 |                352 |                320 | 
                 512 |                352 |                352 |                320 | 
                 514 |                352 |                352 |                320 | 
                 516 |                352 |                352 |                320 | 
                 518 |                352 |                352 |                320 | 
                 520 |                352 |                352 |                320 | 
                 522 |                352 |                352 |                322 | 
                 524 |                352 |                352 |                323 | 
                 526 |                352 |                352 |                323 | 
                 528 |                352 |                352 |                323 | 
                 530 |                352 |                352 |                323 | 
                 532 |                352 |                352 |                323 | 
                 534 |                352 |                352 |                323 | 
                 536 |                352 |                352 |                323 | 
                 538 |                352 |                352 |                323 | 
                 540 |                352 |                352 |                323 | 
                 542 |                352 |                352 |                323 | 
                 544 |                352 |                352 |                324 | 
                 546 |                352 |                352 |                324 | 
                 548 |                352 |                352 |                324 | 
                 550 |                352 |                352 |                324 | 
                 552 |                352 |                352 |                324 | 
                 554 |                352 |                352 |                324 | 
                 556 |                352 |                352 |                324 | 
                 558 |                352 |                352 |                324 | 
                 560 |                352 |                352 |                324 | 
                 562 |                352 |                352 |                324 | 
                 564 |                352 |                352 |                324 | 
                 566 |                352 |                352 |                328 | 
                 568 |                352 |                352 |                328 | 
                 570 |                352 |                352 |                328 | 
                 572 |                352 |                352 |                328 | 
                 574 |                352 |                352 |                328 | 
                 576 |                352 |                352 |                328 | 
                 578 |                352 |                352 |                328 | 
                 580 |                352 |                352 |                328 | 
                 582 |                352 |                352 |                328 | 
                 584 |                352 |                352 |                328 | 
                 586 |                352 |                352 |                328 | 
                 588 |                352 |                352 |                331 | 
                 590 |                352 |                352 |                331 | 
                 592 |                352 |                352 |                331 | 
                 594 |                352 |                352 |                331 | 
                 596 |                352 |                352 |                331 | 
                 598 |                352 |                352 |                331 | 
                 600 |                352 |                352 |                331 | 
                 602 |                352 |                352 |                331 | 
                 604 |                352 |                352 |                331 | 
                 606 |                352 |                352 |                331 | 
                 608 |                352 |                352 |                334 | 
                 610 |                352 |                352 |                334 | 
                 612 |                352 |                352 |                334 | 
                 614 |                352 |                352 |                334 | 
                 616 |                352 |                352 |                334 | 
                 618 |                352 |                352 |                334 | 
                 620 |                352 |                352 |                334 | 
                 622 |                352 |                352 |                334 | 
                 624 |                352 |                352 |                334 | 
                 626 |                352 |                352 |                334 | 
                 628 |                352 |                352 |                334 | 
                 630 |                352 |                352 |                342 | 
                 632 |                352 |                352 |                342 | 
                 634 |                352 |                352 |                342 | 
                 636 |                352 |                352 |                342 | 
                 638 |                352 |                352 |                342 | 
                 640 |                352 |                352 |                345 | 
                 642 |                352 |                352 |                345 | 
                 644 |                352 |                352 |                345 | 
                 646 |                352 |                352 |                345 | 
                 648 |                352 |                352 |                345 | 
                 650 |                352 |                352 |                345 | 
                 652 |                352 |                352 |                345 | 
                 654 |                352 |                352 |                345 | 
                 656 |                352 |                352 |                345 | 
                 658 |                352 |                352 |                345 | 
                 660 |                352 |                352 |                345 | 
                 662 |                352 |                352 |                345 | 
                 664 |                352 |                352 |                345 | 
                 666 |                352 |                352 |                345 | 
                 668 |                352 |                352 |                345 | 
                 670 |                352 |                352 |                345 | 
                 672 |                352 |                352 |                345 | 
                 674 |                352 |                352 |                345 | 
                 676 |                352 |                352 |                345 | 
                 678 |                352 |                352 |                345 | 
                 680 |                352 |                352 |                345 | 
                 682 |                352 |                352 |                346 | 
                 684 |                352 |                352 |                346 | 
                 686 |                352 |                352 |                348 | 
                 688 |                352 |                352 |                349 | 
                 690 |                352 |                352 |                349 | 
                 692 |                352 |                352 |                349 | 
                 694 |                352 |                352 |                349 | 
                 696 |                352 |                352 |                349 | 
                 698 |                352 |                352 |                349 | 
                 700 |                352 |                352 |                349 | 
                 702 |                352 |                352 |                349 | 
                 704 |                352 |                352 |                349 | 
                 706 |                352 |                352 |                349 | 
                 708 |                352 |                352 |                349 | 
                 710 |                352 |                352 |                349 | 
                 712 |                352 |                352 |                349 | 
                 714 |                352 |                352 |                349 | 
                 716 |                352 |                352 |                349 | 
                 718 |                352 |                352 |                349 | 
                 720 |                352 |                352 |                349 | 
                 722 |                352 |                352 |                349 | 
                 724 |                352 |                352 |                349 | 
                 726 |                352 |                352 |                349 | 
                 728 |                352 |                352 |                349 | 
                 730 |                352 |                352 |                349 | 
                 732 |                352 |                352 |                349 | 
                 734 |                352 |                352 |                349 | 
                 736 |                352 |                352 |                349 | 
                 738 |                352 |                352 |                349 | 
                 740 |                352 |                352 |                349 | 
                 742 |                352 |                352 |                349 | 
                 744 |                352 |                352 |                349 | 
                 746 |                352 |                352 |                349 | 
                 748 |                352 |                352 |                349 | 
                 750 |                352 |                352 |                350 | 
                 752 |                352 |                352 |                350 | 
                 754 |                352 |                352 |                350 | 
                 756 |                352 |                352 |                350 | 
                 758 |                352 |                352 |                350 | 
                 760 |                352 |                352 |                350 | 
                 762 |                352 |                352 |                350 | 
                 764 |                352 |                352 |                350 | 
                 766 |                352 |                352 |                350 | 
                 768 |                352 |                352 |                350 | 
                 770 |                352 |                352 |                350 | 
                 772 |                352 |                352 |                350 | 
                 774 |                352 |                352 |                350 | 
                 776 |                352 |                352 |                350 | 
                 778 |                352 |                352 |                350 | 
                 780 |                352 |                352 |                350 | 
                 782 |                352 |                352 |                350 | 
                 784 |                352 |                352 |                350 | 
                 786 |                352 |                352 |                350 | 
                 788 |                352 |                352 |                350 | 
                 790 |                352 |                352 |                350 | 
                 792 |                352 |                352 |                350 | 
                 794 |                352 |                352 |                350 | 
                 796 |                352 |                352 |                350 | 
                 798 |                352 |                352 |                350 | 
                 800 |                352 |                352 |                350 | 
                 802 |                352 |                352 |                350 | 
                 804 |                352 |                352 |                350 | 
                 806 |                352 |                352 |                350 | 
                 808 |                352 |                352 |                350 | 
                 810 |                352 |                352 |                350 | 
                 812 |                352 |                352 |                350 | 
                 814 |                352 |                352 |                350 | 
                 816 |                352 |                352 |                350 | 
                 818 |                352 |                352 |                350 | 
                 820 |                352 |                352 |                350 | 
                 822 |                352 |                352 |                350 | 
                 824 |                352 |                352 |                350 | 
                 826 |                352 |                352 |                350 | 
                 828 |                352 |                352 |                350 | 
                 830 |                352 |                352 |                350 | 
                 832 |                352 |                352 |                350 | 
                 834 |                352 |                352 |                350 | 
                 836 |                352 |                352 |                350 | 
                 838 |                352 |                352 |                350 | 
                 840 |                352 |                352 |                350 | 
                 842 |                352 |                352 |                350 | 
                 844 |                352 |                352 |                350 | 
                 846 |                352 |                352 |                350 | 
                 848 |                352 |                352 |                350 | 
                 850 |                352 |                352 |                350 | 
                 852 |                352 |                352 |                350 | 
                 854 |                352 |                352 |                350 | 
                 856 |                352 |                352 |                350 | 
                 858 |                352 |                352 |                350 | 
                 860 |                352 |                352 |                350 | 
                 862 |                352 |                352 |                350 | 
                 864 |                352 |                352 |                350 | 
                 866 |                352 |                352 |                350 | 
                 868 |                352 |                352 |                350 | 
                 870 |                352 |                352 |                350 | 
                 872 |                352 |                352 |                350 | 
                 874 |                352 |                352 |                350 | 
                 876 |                352 |                352 |                350 | 
                 878 |                352 |                352 |                350 | 
                 880 |                352 |                352 |                350 | 
                 882 |                352 |                352 |                350 | 
                 884 |                352 |                352 |                350 | 
                 886 |                352 |                352 |                350 | 
                 888 |                352 |                352 |                350 | 
                 890 |                352 |                352 |                350 | 
                 892 |                352 |                352 |                350 | 
                 894 |                352 |                352 |                350 | 
                 896 |                352 |                352 |                350 | 
                 898 |                352 |                352 |                350 | 
                 900 |                352 |                352 |                350 | 
                 902 |                352 |                352 |                350 | 
                 904 |                352 |                352 |                350 | 
                 906 |                352 |                352 |                350 | 
                 908 |                352 |                352 |                350 | 
                 910 |                352 |                352 |                350 | 
                 912 |                352 |                352 |                350 | 
                 914 |                352 |                352 |                350 | 
                 916 |                352 |                352 |                350 | 
                 918 |                352 |                352 |                350 | 
                 920 |                352 |                352 |                350 | 
                 922 |                352 |                352 |                350 | 
                 924 |                352 |                352 |                350 | 
                 926 |                352 |                352 |                350 | 
                 928 |                352 |                352 |                350 | 
                 930 |                352 |                352 |                350 | 
                 932 |                352 |                352 |                350 | 
                 934 |                352 |                352 |                350 | 
                 936 |                352 |                352 |                350 | 
                 938 |                352 |                352 |                350 | 
                 940 |                352 |                352 |                351 | 
                 942 |                352 |                352 |                351 | 
                 944 |                352 |                352 |                351 | 
                 946 |                352 |                352 |                351 | 
                 948 |                352 |                352 |                351 | 
                 950 |                352 |                352 |                351 | 
                 952 |                352 |                352 |                351 | 
                 954 |                352 |                352 |                351 | 
                 956 |                352 |                352 |                351 | 
                 958 |                352 |                352 |                351 | 
                 960 |                352 |                352 |                351 | 
                 962 |                352 |                352 |                351 | 
                 964 |                352 |                352 |                351 | 
                 966 |                352 |                352 |                351 | 
                 968 |                352 |                352 |                351 | 
                 970 |                352 |                352 |                351 | 
                 972 |                352 |                352 |                351 | 
                 974 |                352 |                352 |                351 | 
                 976 |                352 |                352 |                351 | 
                 978 |                352 |                352 |                351 | 
                 980 |                352 |                352 |                351 | 
                 982 |                352 |                352 |                351 | 
                 984 |                352 |                352 |                351 | 
                 986 |                352 |                352 |                351 | 
                 988 |                352 |                352 |                351 | 
                 990 |                352 |                352 |                351 | 
                 992 |                352 |                352 |                351 | 
                 994 |                352 |                352 |                351 | 
                 996 |                352 |                352 |                351 | 
                 998 |                352 |                352 |                351 | 
                1000 |                352 |                352 |                351 | 
                1002 |                352 |                352 |                351 | 
                1004 |                352 |                352 |                351 | 
                1006 |                352 |                352 |                351 | 
                1008 |                352 |                352 |                351 | 
                1010 |                352 |                352 |                351 | 
                1012 |                352 |                352 |                351 | 
                1014 |                352 |                352 |                351 | 
                1016 |                352 |                352 |                351 | 
                1018 |                352 |                352 |                351 | 
                1020 |                352 |                352 |                351 | 
                1022 |                352 |                352 |                351 | 
                1024 |                352 |                352 |                351 | 
                1026 |                352 |                352 |                352 | 
